68 0 0 0 38 0 67 0 69 46 24 32 98 53 88 5 53 30 26 47 76 30 38 93 42 67
18 0 0 0 0 0 7 67 19 75 60 61 56 33 26 71 98 67 20 24 88 39 85 71 79 83
0 17 87 0 0 0 0 0 19 53 59 35 85 68 55 54 20 71 13 61 54 83 32 50 61 43
63 0 0 0 0 0 41 0 49 75 74 17 66 13 22 66 28 15 64 51 3 88 66 86 35 90
63 0 0 0 0 0 61 0 30 0 8 42 38 83 22 95 90 31 49 12 24 70 91 44 80 6
0 53 0 0 0 0 0 44 71 41 41 98 5 70 25 97 29 55 93 82 89 38 79 70 92 68
86 0 16 0 0 0 0 0 31 21 57 38 57 9 80 75 1 58 30 84 36 27 92 8 37 27
47 0 0 0 0 0 0 37 64 84 86 59 61 54 83 48 14 60 51 18 14 15 33 50 13 84
0 0 0 100 0 0 0 0 89 34 34 93 59 59 61 96 60 73 36 73 33 4 37 13 62 79
53 0 0 0 74 0 0 17 82 61 58 52 23 56 89 79 36 2 26 49 47 3 98 83 13 14
0 9 98 0 0 0 0 0 93 30 18 90 44 50 15 29 57 54 94 98 93 76 50 79 46 90
68 0 75 0 0 0 0 0 23 47 28 22 1 59 54 94 4 41 85 19 66 82 83 21 73 60
0 0 34 0 0 0 47 13 38 42 53 68 81 39 1 93 64 28 42 19 0 10 24 58 70 65
0 38 0 0 0 0 0 49 67 100 63 99 98 46 51 100 30 87 49 97 65 34 38 34 39 76
0 58 0 0 0 0 0 54 57 23 39 60 62 32 61 41 84 87 2 84 80 73 14 73 46 47
79 0 0 0 79 0 0 0 13 31 68 20 77 6 56 32 64 43 83 88 19 86 23 77 22 50
0 71 61 0 0 0 48 0 17 1 14 9 82 53 82 16 85 59 11 24 57 16 10 49 48 28
0 69 55 0 0 0 31 0 50 55 65 89 41 22 97 66 28 60 82 16 51 22 100 53 24 2
69 0 0 0 0 0 0 0 84 59 77 35 53 19 51 56 4 35 34 29 44 47 43 7 45 47
67 0 0 0 0 0 75 0 100 89 42 67 61 80 14 95 20 100 56 94 65 42 31 82 42 13
0 0 81 0 0 58 0 0 28 85 52 29 65 62 28 91 94 100 1 35 10 20 13 32 22 35
86 0 0 0 0 0 0 0 95 43 76 12 72 37 9 48 88 33 8 50 91 21 25 29 43 65
0 64 0 37 0 14 69 0 55 34 79 6 17 70 22 33 41 50 0 98 91 53 72 65 98 28
82 0 0 0 100 0 0 0 0 55 43 31 6 78 95 42 41 14 19 20 79 20 23 83 55 94
0 58 49 0 0 0 70 0 17 95 70 82 4 82 19 25 41 61 42 52 77 24 85 43 100 27
100 0 0 0 0 0 100 0 37 89 18 85 49 75 95 91 69 9 67 9 26 100 1 37 31 65
39 0 0 0 0 0 64 32 30 7 91 70 68 71 2 44 38 52 45 49 23 39 38 3 17 58
0 64 0 0 0 0 23 0 3 15 63 87 59 96 9 29 89 74 18 9 62 41 21 47 98 29
49 0 0 0 0 0 49 0 29 39 22 43 77 43 96 35 17 42 1 69 89 6 22 46 81 71
0 48 71 0 0 64 0 0 100 35 31 48 23 75 46 29 65 52 59 0 12 11 85 9 18 86
66 41 0 0 0 0 40 0 81 87 44 19 10 37 53 42 39 61 66 42 55 10 68 23 82 10
0 0 74 0 0 0 74 0 51 66 48 20 77 70 36 62 64 0 93 86 15 21 80 71 82 76
0 0 0 41 0 0 36 0 74 17 43 92 95 90 33 88 25 83 10 19 0 72 76 73 61 86
0 45 0 41 0 0 38 0 71 88 70 0 55 53 100 93 41 9 7 72 56 27 46 88 16 98
29 0 22 0 0 0 0 48 6 5 65 68 40 73 88 70 3 65 16 62 61 92 54 0 4 75
0 53 0 0 0 0 0 53 19 19 11 53 1 61 58 0 92 5 58 79 5 24 66 55 70 16
0 0 53 0 0 0 0 0 14 80 60 79 42 64 19 89 6 64 93 20 27 16 77 34 56 64
0 0 0 100 0 0 100 0 69 89 98 57 52 82 73 73 39 14 7 43 61 29 35 21 42 38
42 0 16 0 0 0 58 0 87 74 73 58 47 20 4 98 75 28 96 68 19 35 18 79 13 91
0 7 0 100 0 34 0 0 10 73 9 33 43 49 74 75 64 86 54 84 66 54 81 72 49 22
14 0 0 0 0 0 0 82 52 15 27 79 70 61 23 15 65 32 94 39 6 92 54 69 88 55
0 5 57 0 0 0 30 0 53 25 96 64 92 67 41 98 79 54 48 73 12 64 83 95 9 46
0 22 0 0 0 0 57 40 93 71 30 97 96 18 91 47 77 44 8 46 23 16 8 29 7 24
0 50 74 0 0 0 19 0 13 77 25 27 39 49 96 55 87 63 43 39 0 76 32 34 72 57
100 0 0 0 100 0 43 0 73 68 64 25 75 41 93 80 41 12 42 37 58 75 14 38 78 71
100 0 0 0 100 0 22 0 2 22 81 20 89 88 86 42 77 36 3 59 33 3 61 25 99 28
0 48 0 0 0 0 0 67 52 94 37 63 62 85 90 89 60 92 29 65 37 86 56 53 20 25
16 0 0 0 0 0 0 0 34 14 18 94 41 40 39 48 60 70 61 41 33 57 38 94 52 9
0 6 52 0 0 0 0 72 43 64 5 68 57 81 7 44 77 74 3 72 27 55 54 23 81 80
30 0 0 0 0 0 0 69 62 97 33 86 89 71 92 42 25 66 20 7 79 34 68 19 86 82
0 21 0 0 0 0 0 84 43 45 90 29 39 64 80 97 99 5 32 38 79 32 85 74 26 45
0 27 75 0 0 0 0 17 53 3 26 72 33 23 99 24 63 19 27 29 38 59 17 60 80 25
0 100 0 0 0 0 0 10 1 40 19 96 51 5 37 32 81 14 100 94 60 53 18 55 94 77
79 0 79 0 0 0 0 0 32 68 1 83 39 36 51 63 15 80 50 81 46 65 85 76 48 7
0 29 0 0 0 0 67 65 64 96 12 7 3 80 35 58 71 34 62 82 78 60 7 74 93 41
34 16 0 0 0 0 41 0 4 63 80 82 30 59 86 47 45 28 45 79 55 80 6 77 43 41
55 0 53 0 0 0 0 0 66 26 55 14 65 47 97 64 12 43 1 99 33 40 59 5 86 18
69 70 0 0 0 0 0 0 19 67 99 100 63 82 65 34 73 54 20 78 91 71 53 3 14 37
68 0 0 0 80 0 82 0 0 77 91 75 19 14 60 60 46 58 14 97 11 75 42 17 61 69
0 44 0 0 0 21 54 0 84 12 17 7 25 14 50 64 42 66 98 47 26 70 23 9 26 43
0 0 0 0 0 0 58 68 41 42 30 46 6 98 70 80 42 58 73 94 9 72 3 70 77 79
0 34 69 0 0 0 40 0 10 34 57 13 28 95 60 67 58 91 59 53 41 5 94 89 52 83
0 52 0 0 0 51 54 0 66 96 31 94 96 61 27 2 86 98 45 19 87 31 41 76 36 81
0 0 66 0 0 0 48 0 53 37 64 22 90 48 73 69 76 35 91 89 90 84 29 76 86 22
61 0 0 0 66 0 24 0 0 27 22 54 46 54 35 41 80 62 80 82 16 70 97 88 19 54
86 0 0 0 86 0 25 0 39 13 84 74 96 48 10 16 99 100 11 18 10 94 22 13 10 0
40 44 0 57 0 0 66 0 46 25 69 1 46 32 59 90 50 60 53 4 25 33 6 70 6 63
59 0 0 0 58 0 71 0 68 23 0 98 27 4 14 98 14 15 36 30 72 65 40 84 32 96
0 35 68 0 0 0 34 0 4 11 8 50 85 66 9 48 91 83 19 9 95 88 14 45 51 13
78 0 28 0 0 0 0 0 26 50 11 71 7 94 84 44 1 21 38 26 1 36 47 55 12 53
0 83 0 0 0 0 18 0 94 27 16 63 100 87 97 57 85 98 52 29 96 86 37 74 60 31
0 70 75 0 0 0 0 0 99 45 98 59 24 44 16 41 25 37 40 75 3 50 70 67 32 53
0 66 31 0 0 0 32 0 21 94 65 44 64 63 27 93 91 72 48 51 4 37 64 81 82 1
71 0 0 0 73 0 12 0 86 67 17 61 11 7 81 58 57 52 8 34 62 85 6 79 1 72
0 46 0 0 0 0 51 90 83 53 23 36 86 81 48 91 17 4 94 33 54 39 2 6 60 75
16 0 0 0 17 0 0 0 79 32 87 87 47 36 91 20 3 59 25 90 45 41 36 96 52 82
0 0 0 0 0 0 0 47 56 1 62 65 76 25 84 32 69 71 89 32 4 26 35 27 29 83
0 24 0 0 0 1 10 0 85 83 81 68 50 77 59 87 22 89 94 67 7 16 5 46 0 1
0 0 0 0 0 0 54 13 24 36 52 90 37 49 79 73 46 43 19 18 0 91 72 93 63 62
0 0 0 0 0 0 0 0 56 74 75 50 71 54 49 86 17 35 69 21 9 34 20 55 5 39
0 15 4 0 0 0 5 0 22 99 82 73 65 28 43 73 6 0 81 100 6 24 79 28 25 89
0 0 0 0 0 0 19 19 70 38 21 56 71 74 9 48 6 55 45 28 52 74 10 93 54 47
100 0 0 0 0 0 0 0 7 52 16 23 57 8 87 71 44 30 17 58 97 14 24 40 27 10
0 0 64 0 0 0 0 64 8 12 89 37 64 65 62 47 23 65 66 47 72 1 37 99 57 39
48 0 0 11 6 0 0 0 40 78 44 64 86 79 7 91 15 85 81 77 71 15 45 7 41 86
0 41 13 0 0 0 0 0 14 15 50 72 54 19 62 9 81 59 53 32 19 17 35 33 88 88
0 27 0 0 11 0 0 0 28 96 11 70 20 7 44 67 17 74 36 73 21 95 90 68 81 81
30 0 0 0 16 0 0 0 83 52 65 22 77 21 95 19 64 68 76 28 66 73 71 65 100 5
63 0 0 0 0 0 0 0 94 18 97 43 47 97 65 89 25 25 86 97 3 17 7 71 15 49
0 34 0 0 0 0 0 0 5 15 25 60 94 39 29 62 23 1 85 28 17 6 55 72 64 45
56 0 0 0 27 0 0 0 47 85 17 54 19 6 51 73 17 95 16 39 61 3 34 15 34 67
0 21 0 0 0 0 0 0 62 4 8 14 100 22 21 20 61 75 21 79 17 1 34 1 60 32
0 0 0 0 0 0 37 18 85 94 38 40 54 11 57 98 56 92 74 58 51 51 25 29 11 18
0 0 0 100 0 0 0 0 34 46 45 23 4 74 7 82 84 26 38 5 94 85 94 97 90 5
0 31 46 0 0 0 0 0 15 91 9 34 1 48 7 32 6 76 72 7 64 61 35 8 84 63
0 29 0 46 0 0 0 0 81 39 7 21 27 7 30 53 48 18 34 11 34 45 47 30 19 46
0 37 8 0 0 0 0 0 98 58 85 34 19 40 24 0 76 11 86 32 25 12 26 5 14 39
0 18 43 0 0 0 0 0 50 38 92 77 77 76 11 100 38 8 45 60 64 49 30 87 63 90
0 28 67 0 0 0 0 0 99 11 77 52 82 9 54 9 26 90 60 36 25 17 3 99 59 47
48 0 0 0 21 0 0 0 12 63 96 47 24 75 39 34 92 29 48 25 82 80 2 3 77 97
0 0 0 0 0 0 21 44 54 88 50 45 4 69 15 9 54 59 94 8 11 100 63 97 96 86
0 40 19 0 0 0 0 48 20 42 59 4 57 81 41 33 100 22 56 87 32 89 88 41 19 60
38 0 0 0 0 0 0 0 99 76 27 8 99 59 44 83 13 98 7 8 4 38 75 62 73 49
0 0 0 0 0 0 25 11 82 34 58 68 42 58 95 21 63 46 13 57 61 12 44 17 95 3
0 0 0 0 0 0 63 23 48 23 94 19 65 89 99 49 10 88 34 61 92 64 46 55 79 65
0 19 37 0 0 0 0 0 72 95 9 66 91 22 26 21 54 24 62 27 84 71 55 64 53 32
6 0 0 0 0 0 0 0 22 67 68 47 48 36 80 54 4 64 12 89 11 5 54 47 45 55
48 0 0 0 0 0 0 0 74 0 7 59 10 6 36 89 13 26 30 88 54 69 33 22 22 99
0 0 0 0 0 0 40 11 60 66 92 29 67 46 24 61 24 1 19 61 49 11 71 45 32 16
0 70 0 0 0 0 0 0 21 28 20 92 10 43 35 9 93 12 70 90 65 23 76 85 91 43
18 0 0 0 3 0 0 0 13 88 8 14 100 7 44 0 42 8 48 85 9 87 29 54 49 32
0 0 0 0 0 0 17 27 66 5 7 39 63 74 78 66 90 88 82 87 71 5 1 40 26 43
0 37 0 0 0 0 14 0 68 25 48 30 75 51 30 75 34 59 69 15 76 1 80 62 24 30
0 22 0 0 0 0 8 0 69 39 57 26 15 40 9 26 70 20 26 88 63 96 81 14 25 65
0 41 0 0 0 0 29 0 55 8 21 39 45 11 95 63 38 24 88 85 51 97 30 34 24 29
0 27 0 0 0 0 17 0 92 0 41 54 87 19 15 12 100 34 77 49 49 52 96 47 80 61
0 20 0 0 0 0 5 0 16 32 35 43 84 96 62 2 35 9 48 45 2 23 52 2 8 86
0 22 0 0 0 0 0 0 22 12 29 6 81 19 15 97 57 54 25 88 45 55 69 68 48 22
0 35 0 0 0 0 0 0 25 17 21 29 19 52 21 32 75 61 35 81 1 53 22 0 26 49
0 0 0 0 0 0 0 0 37 82 15 93 13 45 49 25 47 1 52 65 7 93 8 20 0 60
0 0 0 0 0 0 0 26 80 56 48 100 80 59 49 6 3 43 36 18 63 87 54 48 26 98
0 18 0 0 0 0 0 0 88 58 16 1 13 40 96 91 79 47 85 5 48 98 37 68 39 100
0 0 0 0 0 0 21 0 43 59 84 91 94 58 58 54 81 50 3 34 82 0 26 84 91 100
33 0 0 0 0 0 0 0 94 31 89 95 11 34 5 24 48 75 28 69 33 11 17 85 28 13
0 100 0 0 0 0 0 0 4 4 12 28 58 24 87 24 61 64 58 25 36 97 32 63 80 83
0 0 0 0 0 0 58 0 68 38 88 36 15 70 100 59 67 13 73 82 49 70 31 61 80 0
0 33 0 0 0 0 0 0 22 5 100 31 49 88 98 2 11 75 52 45 47 44 86 52 55 42
48 0 0 0 0 0 0 0 70 8 81 89 33 47 16 97 14 12 51 68 41 63 28 15 97 35
0 22 0 0 0 0 0 0 10 81 94 76 27 84 96 75 25 79 1 55 93 22 27 50 53 70
0 15 0 0 0 0 0 38 45 53 66 68 23 92 93 71 74 62 13 4 89 86 60 92 45 30
0 20 0 0 0 0 10 0 71 32 82 82 100 66 55 65 25 87 59 92 5 69 59 13 14 34
46 0 0 0 0 0 0 0 64 14 99 55 61 67 67 85 16 34 62 84 57 68 77 1 5 6
18 0 0 0 6 0 0 0 18 88 95 3 4 61 100 46 66 47 80 20 11 60 97 80 52 40
10 0 0 0 0 0 0 0 45 48 38 57 18 59 40 7 24 16 59 71 22 22 97 77 83 46
0 0 0 0 0 0 0 0 8 2 34 85 27 37 9 92 14 74 45 49 72 48 81 84 10 7
0 12 0 0 0 0 0 0 34 23 2 23 27 27 55 54 51 2 50 47 30 17 59 59 23 8
87 0 0 0 42 0 0 0 1 23 84 59 87 75 48 5 47 53 49 53 81 48 99 65 72 6
0 17 0 0 0 0 0 0 64 62 87 7 31 52 30 59 31 23 79 67 72 72 94 23 38 16
35 0 0 0 0 0 0 0 51 4 42 80 21 50 44 71 28 45 51 12 53 69 9 41 77 39
0 26 0 0 0 0 0 0 19 56 100 36 13 4 42 90 9 64 71 14 25 80 40 9 44 44
0 26 0 0 0 0 0 0 99 9 37 76 85 42 10 15 37 79 36 27 74 11 21 49 6 4
50 0 0 0 0 0 0 0 23 62 91 55 56 78 71 75 21 83 93 74 4 1 94 99 64 29
0 0 0 0 0 0 9 27 69 38 88 11 63 82 19 46 29 77 47 63 0 2 90 66 92 4
0 8 27 0 0 0 0 0 30 19 37 8 46 11 69 64 38 10 77 16 62 0 7 23 95 89
17 0 0 0 0 0 0 0 75 58 48 99 36 26 90 23 94 33 13 85 27 77 48 50 11 42
25 0 0 0 0 0 0 0 98 66 12 17 77 10 33 14 90 92 8 21 47 35 76 96 20 32
29 0 0 0 0 0 0 0 1 5 2 10 25 50 16 92 20 71 59 38 33 9 13 68 65 92
33 0 0 0 0 0 0 0 92 72 79 100 91 11 53 22 51 90 11 20 58 85 0 10 52 68
47 0 0 0 0 0 0 0 99 55 21 80 32 60 27 84 29 97 36 38 81 82 41 72 41 63
65 0 0 0 0 0 0 0 43 74 23 80 20 65 21 81 74 23 22 33 58 17 21 85 37 94
0 37 0 0 0 0 0 0 35 74 87 94 45 48 43 12 9 88 61 71 85 1 66 21 11 76
41 0 0 0 0 0 0 0 72 13 64 33 44 70 26 77 17 54 7 24 99 5 22 27 22 42
42 0 0 0 0 0 0 0 73 15 71 61 33 79 100 54 39 22 15 76 52 72 66 43 49 85
20 0 0 0 0 0 0 0 78 52 10 91 69 53 45 95 99 62 0 17 74 39 57 0 43 99
29 0 0 0 0 0 0 0 93 68 90 88 54 6 82 95 75 15 70 2 86 67 49 28 27 72
44 0 0 0 0 0 0 0 92 42 0 1 53 33 96 59 20 38 55 12 68 54 50 81 40 71
25 0 0 0 0 0 0 0 8 48 74 94 90 36 58 19 60 100 34 75 97 40 39 0 62 45
10 0 0 0 0 0 0 0 86 35 70 40 45 12 88 17 60 43 41 4 100 16 40 68 29 50
0 6 0 0 0 0 44 0 8 82 61 34 61 51 62 60 98 5 26 49 83 72 63 43 17 80
0 20 0 0 0 0 0 0 73 81 34 57 42 48 96 32 87 60 97 25 58 3 5 37 89 47
0 12 0 0 0 0 0 0 67 71 79 41 72 57 30 83 72 71 12 35 70 46 89 90 15 93
0 13 0 0 0 0 0 0 6 70 1 80 14 20 14 42 5 2 39 85 64 87 0 48 40 32
27 0 0 0 0 0 0 0 53 62 90 46 62 14 39 6 30 33 71 89 27 23 86 55 49 55
31 0 0 0 10 0 0 0 9 74 97 73 63 10 76 29 24 94 17 42 93 15 4 93 55 74
0 23 0 0 0 0 0 0 3 79 67 85 64 38 62 20 0 62 18 36 50 9 98 94 85 86
0 8 0 0 0 0 0 0 96 16 33 29 3 37 68 62 35 20 100 43 31 42 4 65 39 79
7 0 0 0 0 0 0 0 72 94 46 39 92 48 46 46 14 61 37 94 98 10 38 26 42 37
0 31 0 0 0 0 0 0 14 97 53 39 54 62 64 43 90 12 2 4 81 88 98 83 40 54
0 40 0 0 0 0 0 0 11 54 65 56 25 57 20 6 56 32 65 90 39 37 57 2 33 91
0 50 0 0 0 0 0 0 14 65 43 39 45 17 83 86 4 95 27 21 56 71 27 95 55 28
55 0 0 0 0 0 0 0 21 99 2 83 68 6 97 7 77 46 80 68 62 46 85 52 72 59
44 0 0 0 0 0 0 0 10 1 44 3 74 0 63 91 65 70 13 5 56 36 33 69 25 81
0 34 0 0 0 0 0 0 44 5 84 100 27 95 0 1 80 41 8 59 32 39 40 31 25 40
0 24 0 0 0 0 11 0 38 51 54 62 82 96 94 80 52 50 66 5 42 22 31 10 17 90
44 0 0 0 0 0 0 0 16 76 31 85 63 58 28 34 24 89 3 5 100 85 51 77 54 73
48 0 0 0 0 0 0 0 34 72 55 57 62 94 2 100 47 50 29 78 81 37 89 67 97 8
33 0 0 0 0 0 0 0 68 77 80 65 7 16 38 57 21 74 83 99 31 64 3 64 10 88
0 0 0 0 0 0 20 43 40 79 22 75 45 85 87 8 61 24 96 25 95 42 99 38 87 88
0 28 0 0 0 0 8 0 47 19 64 59 17 17 86 85 59 76 66 56 51 2 70 45 45 73
0 24 0 0 0 0 0 0 48 7 38 51 52 68 85 17 3 64 24 82 60 75 86 99 52 37
0 36 0 0 0 0 0 0 47 81 12 87 86 35 33 88 89 22 15 44 23 1 76 58 1 100
0 8 0 0 0 0 0 0 57 98 9 67 81 87 80 87 32 56 51 23 94 80 53 47 20 37
0 20 0 0 0 0 0 0 81 45 11 79 49 18 41 31 48 39 19 81 63 3 14 33 64 30
0 31 0 0 0 0 0 0 0 40 10 32 64 48 64 96 96 24 50 13 62 76 88 80 78 9
0 27 0 0 0 0 0 0 87 42 43 7 11 90 93 91 1 26 19 44 74 3 3 4 74 100
0 22 0 0 0 0 0 0 25 17 47 97 27 90 22 46 21 37 49 63 40 10 50 41 45 63
27 0 0 0 0 0 0 0 74 39 49 35 24 4 61 94 54 46 25 79 27 9 12 30 71 32
39 0 0 0 0 0 0 0 50 63 59 73 5 95 37 61 63 50 1 53 83 36 50 19 31 98
0 23 0 0 0 0 0 0 32 41 68 60 83 27 40 66 53 39 29 13 16 23 21 14 9 82
22 0 0 0 0 0 0 0 16 59 78 81 4 75 29 3 74 18 15 59 7 87 91 70 98 51
0 22 0 0 0 0 0 0 72 24 3 20 2 58 35 83 71 8 64 10 16 38 43 91 21 18
24 0 0 0 0 0 0 0 54 60 22 41 33 77 75 45 43 99 8 63 69 18 59 66 78 26
0 18 0 0 0 0 0 0 94 67 72 5 72 40 10 87 31 18 8 95 41 24 24 100 15 36
0 19 0 0 0 0 0 0 45 66 32 89 58 65 28 34 72 36 52 24 13 38 74 68 89 39
0 35 0 0 0 0 0 0 26 94 69 80 55 75 62 74 79 24 51 20 89 44 62 84 60 25
21 0 0 0 0 0 0 0 74 34 14 64 16 43 7 92 45 4 77 77 13 32 98 25 80 73
28 0 0 0 0 0 0 0 69 93 89 6 87 100 25 49 90 2 3 65 66 80 90 65 80 1
0 0 0 0 0 0 15 35 62 69 28 84 61 33 37 7 98 41 96 65 87 82 18 100 32 99
0 0 0 0 0 0 0 27 48 85 74 61 69 1 69 31 43 89 25 47 16 80 99 32 93 36
0 0 0 0 0 0 0 63 4 75 73 27 41 55 46 99 93 25 41 53 29 69 10 56 4 59
0 0 21 0 0 0 0 32 99 77 53 32 90 12 87 24 2 74 30 42 42 15 29 92 40 30
0 0 0 0 0 0 9 0 51 77 56 14 15 60 37 29 8 91 30 96 27 58 54 55 86 82
0 18 0 0 0 0 0 0 7 58 49 2 36 43 10 39 68 64 45 87 11 25 60 12 78 36
18 0 0 0 9 0 0 0 62 34 16 43 48 81 17 1 60 15 32 34 15 5 15 1 56 62
38 0 0 13 4 0 0 0 20 99 17 28 15 36 60 39 96 57 30 13 31 30 84 95 91 70
0 27 0 0 0 0 0 0 90 97 11 97 11 10 10 80 39 66 21 63 2 46 71 36 25 32
0 25 10 0 0 0 0 0 66 70 50 46 74 53 3 56 73 81 8 58 52 45 54 82 100 39
0 23 0 0 0 0 0 0 78 16 75 84 54 27 70 55 16 20 51 76 24 36 13 83 61 93
0 23 0 0 0 0 0 0 14 87 56 12 16 47 7 76 27 98 88 51 4 54 44 6 75 75
0 41 0 0 0 0 0 0 31 46 74 39 21 16 45 21 59 4 27 23 14 25 96 79 45 1
32 0 0 0 0 0 0 0 3 34 37 5 95 20 94 35 61 7 66 68 74 73 3 3 24 35
0 16 37 0 0 0 0 0 26 16 32 96 35 10 65 86 68 39 7 68 24 96 99 88 74 40
36 0 0 0 0 0 0 0 50 72 29 64 12 30 0 42 9 72 90 32 3 50 34 14 83 64
41 0 0 0 0 0 0 0 95 55 63 62 39 13 46 13 27 30 51 74 7 49 66 51 90 32
28 0 0 0 0 0 0 0 43 73 35 26 9 47 7 15 52 84 56 34 82 58 2 17 69 20
0 20 0 0 0 0 0 0 79 82 57 87 43 48 38 7 100 8 70 73 45 80 0 57 11 61
0 12 0 0 0 0 0 0 79 2 19 96 40 100 73 52 16 21 17 19 23 69 20 69 41 8
0 12 0 0 0 0 0 0 3 2 78 29 84 92 59 68 77 17 41 40 72 15 24 91 59 56
14 0 0 0 0 0 0 0 36 70 5 74 76 57 40 9 39 22 96 79 54 63 2 28 87 15
0 23 0 0 0 0 0 0 14 34 27 18 13 64 94 81 3 9 52 19 100 72 92 21 7 86
20 0 0 0 0 0 0 0 11 30 63 48 7 34 23 59 73 59 15 48 73 89 45 45 95 25
21 0 0 0 0 0 0 0 17 10 29 25 54 35 81 21 91 23 29 44 52 68 95 91 21 16
26 0 0 0 0 0 0 0 86 22 69 59 83 91 61 81 99 54 38 80 56 6 46 48 45 57
0 23 0 0 0 0 0 0 10 13 65 88 71 10 58 48 85 41 51 54 53 25 60 76 74 65
0 26 0 0 0 0 0 0 55 47 3 15 4 70 5 98 40 3 82 25 100 83 3 11 46 79
0 0 16 0 0 0 0 9 56 23 52 92 7 2 24 60 77 13 54 82 95 76 85 68 81 12
33 0 0 0 0 0 0 0 30 18 62 65 7 92 18 34 100 37 5 24 63 40 32 25 26 37
0 33 0 0 0 0 0 0 32 44 82 65 19 45 62 99 89 77 91 1 20 77 93 13 73 81
28 0 0 0 0 0 0 0 1 89 8 97 37 95 84 29 21 31 13 60 45 31 67 85 99 15
0 0 0 0 0 0 6 16 88 29 77 36 61 59 45 71 17 55 33 73 25 99 72 5 90 0
30 0 0 0 0 0 0 0 76 32 76 7 95 88 91 2 50 12 29 73 37 39 83 66 44 67
31 0 0 0 0 0 0 0 37 42 10 99 4 56 55 22 56 75 20 18 36 76 94 52 35 64
42 0 0 0 0 0 0 0 22 0 61 26 23 38 27 56 62 41 90 45 64 83 100 92 35 85
0 17 0 0 0 0 0 0 11 9 34 28 11 25 20 59 10 74 18 44 61 27 37 30 44 2
0 36 0 0 0 0 0 0 84 74 5 32 53 75 74 92 87 39 16 58 54 62 44 66 47 52
18 0 0 0 0 0 0 0 45 92 46 80 84 50 4 94 55 76 67 23 85 24 44 49 66 46
0 24 0 0 0 0 0 0 44 20 65 5 76 78 96 71 27 66 9 69 23 38 36 73 20 80
28 0 0 0 0 0 0 0 9 33 41 57 94 50 16 64 68 34 43 32 18 89 55 65 52 24
0 21 0 0 0 0 0 0 79 50 99 54 54 62 88 5 100 31 1 38 46 25 59 67 65 90
0 26 0 0 0 0 0 0 45 21 88 97 11 77 61 25 97 59 63 93 84 35 29 66 76 81
0 30 0 0 0 0 0 0 91 78 61 46 94 0 42 33 61 68 78 73 85 77 78 97 39 46
0 27 0 0 0 0 0 0 97 33 30 77 65 78 37 32 18 27 82 82 67 38 15 84 72 37
0 14 0 0 0 0 0 0 13 96 57 31 85 40 67 20 25 60 45 32 81 25 34 70 92 25
26 0 0 0 0 0 0 0 33 78 51 4 94 99 20 22 17 53 48 61 39 1 88 78 30 41
0 32 0 0 0 0 0 0 1 2 62 81 73 74 34 27 37 72 77 34 38 82 65 10 87 66
42 0 0 0 0 0 0 0 86 52 25 16 31 61 19 3 50 89 17 12 29 25 30 21 39 8
43 0 0 0 0 0 0 0 19 79 92 8 58 9 42 12 77 39 29 63 69 69 53 78 97 6
0 25 0 0 0 0 0 0 61 93 50 39 72 2 80 97 65 9 50 77 53 92 82 92 64 11
45 0 0 0 0 0 0 0 59 93 23 87 70 99 25 14 74 0 76 45 14 73 64 6 71 81